64-QAM, 16255 payload bytes per OFDM frame, 61035 frames/s = 7.94 Gbit/s of video;
video 1920x1080 yuv420p (3110400 bytes, 30 frames in the loop) = up to 319 video frames/s
host: rocep2s0 QPN 201, RX ring 1024 x 64 KB at 0x7cdb83000000 (R_Key 0x17a594); waiting for build/stream_params.txt.ready
FPGA TX ring 2048 KB
  t   TX Gbit/s  RX Gbit/s  frames/s   BER        bad hdr  late  relock  video fps  TX underflow  RX overflow  CPU  throttle
acquisition: frame found at sample 17043 of chunk 4501, Q sign -1 lag +0
  1       64.01      63.99     57804   2.50e-07         0     0       0      301.0             0            0   -1 C    -1
  2       64.00      64.00     61051   3.88e-07         0     0       0      319.0             0            0   -1 C    -1
  3       64.00      64.00     61035   2.29e-07         0     0       0      319.0             0            0   -1 C    -1
  4       64.00      64.00     61037   2.54e-07         0     0       0      319.0             0            0   -1 C    -1
  5       64.00      64.00     61035   2.64e-07         0     0       0      319.0             0            0   -1 C    -1
  6       64.00      64.00     61034   2.57e-07         0     0       0      319.0             0            0   -1 C    -1
  7       64.00      64.00     61034   2.55e-07         0     0       0      319.0             0            0   -1 C    -1
  8       64.00      64.00     61037   2.72e-07         0     0       0      319.0             0            0   -1 C    -1
  9       64.00      64.00     61034   3.34e-07         0     0       0      319.0             0            0   -1 C    -1
 10       64.00      64.00     61037   1.65e-07         0     0       0      319.0             0            0   -1 C    -1
 11       64.00      64.00     61037   2.84e-07         0     0       0      319.0             0            0   -1 C    -1
 12       64.00      64.00     61033   2.54e-07         0     0       0      319.0             0            0   -1 C    -1
 13       64.00      64.00     61036   2.23e-07         0     0       0      319.0             0            0   -1 C    -1
 14       64.00      64.00     61034   1.73e-07         0     0       0      319.0             0            0   -1 C    -1
 15       64.00      64.00     61037   2.86e-07         0     0       0      319.0             0            0   -1 C    -1
 16       64.00      64.00     61035   1.73e-07         0     0       0      319.0             0            0   -1 C    -1
 17       64.00      64.00     61035   2.81e-07         0     0       0      319.0             0            0   -1 C    -1
 18       64.00      64.00     61035   2.66e-07         0     0       0      319.0             0            0   -1 C    -1
 19       64.00      64.00     61035   1.18e-02         0  1474       0      319.0             0            0   -1 C    -1
 20       64.00      64.00     61036   2.50e-07         0  1474       0      319.0             0            0   -1 C    -1
 21       64.00      64.00     61000   1.70e-07         0  1474       0      319.0             0            0   -1 C    -1
 22       64.00      64.00     61037   2.05e-07         0  1474       0      319.0             0            0   -1 C    -1
 23       64.00      64.00     61067   1.76e-07         0  1474       0      319.0             0            0   -1 C    -1
 24       64.00      64.00     61011   2.44e-07         0  1474       0      319.0             0            0   -1 C    -1
 25       64.00      64.00     61059   1.77e-07         0  1474       0      319.0             0            0   -1 C    -1
 26       64.00      64.00     61032   2.57e-07         0  1474       0      319.0             0            0   -1 C    -1
 27       64.00      64.00     61025   2.93e-07         0  1474       0      319.0             0            0   -1 C    -1
 28       64.00      64.00     61033   4.96e-07         0  1474       0      319.0             0            0   -1 C    -1
 29       64.00      64.00     61040   1.69e-07         0  1474       0      319.0             0            0   -1 C    -1
 30       64.00      64.00     61041   2.82e-07         0  1474       0      319.0             0            0   -1 C    -1
 31       64.00      64.00     61041   2.65e-07         0  1474       0      319.0             0            0   -1 C    -1
 32       64.00      64.00     61028   1.74e-07         0  1474       0      318.0             0            0   -1 C    -1
 33       64.00      64.00     61046   2.26e-07         0  1474       0      319.0             0            0   -1 C    -1
 34       64.00      64.00     61035   3.42e-07         0  1474       0      319.0             0            0   -1 C    -1
 35       64.00      64.00     61035   1.63e-07         0  1474       0      319.0             0            0   -1 C    -1
 36       64.00      64.00     61035   1.63e-07         0  1474       0      319.0             0            0   -1 C    -1
 37       64.00      64.00     61035   1.68e-07         0  1474       0      319.0             0            0   -1 C    -1
 38       64.00      64.00     61035   4.69e-07         0  1474       0      319.0             0            0   -1 C    -1
 39       64.00      64.00     61036   2.42e-07         0  1474       0      319.0             0            0   -1 C    -1
 40       64.00      64.00     61037   1.17e-07         0  1474       0      319.0             0            0   -1 C    -1
 41       64.00      64.00     61034   1.17e-07         0  1474       0      319.0             0            0   -1 C    -1
 42       64.00      64.00     61036   2.53e-07         0  1474       0      319.0             0            0   -1 C    -1
 43       64.00      64.00     61034   9.12e-08         0  1474       0      319.0             0            0   -1 C    -1
 44       64.00      64.00     61036   2.71e-05         3  1474       0      318.0          3992            0   -1 C    -1
 45       64.00      64.00     61035   8.55e-08         3  1474       0      319.0          3992            0   -1 C    -1
 46       64.00      64.00     61035   2.28e-07         3  1474       0      319.0          3992            0   -1 C    -1
 47       64.00      64.00     61038   8.19e-08         3  1474       0      319.0          3992            0   -1 C    -1
 48       64.00      64.00     61034   3.26e-07         3  1474       0      319.0          3992            0   -1 C    -1
 49       64.00      64.00     61035   1.67e-07         3  1474       0      319.0          3992            0   -1 C    -1
 50       64.00      64.00     61034   2.85e-07         3  1474       0      319.0          3992            0   -1 C    -1
 51       64.00      64.00     61037   1.78e-07         3  1474       0      319.0          3992            0   -1 C    -1
 52       64.00      64.00     61035   2.03e-07         3  1474       0      319.0          3992            0   -1 C    -1
 53       64.00      64.00     61035   1.70e-07         3  1474       0      319.0          3992            0   -1 C    -1
 54       64.00      64.00     61036   2.09e-07         3  1474       0      319.0          3992            0   -1 C    -1
 55       64.00      64.00     61035   1.71e-07         3  1474       0      319.0          3992            0   -1 C    -1
 56       64.00      64.00     61035   1.99e-07         3  1474       0      319.0          3992            0   -1 C    -1
 57       64.00      64.00     61035   2.18e-07         3  1474       0      319.0          3992            0   -1 C    -1
 58       64.00      64.00     61036   2.60e-07         3  1474       0      319.0          3992            0   -1 C    -1
 59       64.00      64.00     61035   2.36e-07         3  1474       0      319.0          3992            0   -1 C    -1
saved 119 video frames (1920x1080 yuv420p) to build/rx_1080p.yuv
total: TX 480.00 GB, RX 480.00 GB, 0 RX gaps, 0 TX stalls (frame not ready), 0 TX skips; 3658915 frames checked, 94157056 bit errors / 475805306600 (BER 1.98e-04), 3 bad headers, 1450 sequence errors, 1474 late, 0 missing, 0 relocks, 0 shifts, 19120 video frames (18621 byte-exact); FPGA: TX underflow 3992, RX overflow 0
