16-QAM, 10834 payload bytes per OFDM frame, 61035 frames/s = 5.29 Gbit/s of video;
video 1280x720 yuv420p (1382400 bytes, 30 frames in the loop) = up to 478 video frames/s
host: rocep2s0 QPN 220, RX ring 256 x 64 KB at 0x7993dd800000 (R_Key 0x17a695); waiting for build/stream_params.txt.ready
FPGA TX ring 1024 KB
  t   TX Gbit/s  RX Gbit/s  frames/s   BER        bad hdr  late  relock  video fps  TX underflow  RX overflow
acquisition: frame found at sample 17043 of chunk 2781, Q sign -1 lag +0
  1       64.00      64.00     58676   3.54e-09         0     0       0      459.0           748            0
  2       64.00      64.00     61036   2.16e-04        27     0       0      476.0         47466            0
  3       64.00      64.00     61035   9.45e-10        27     0       0      478.0         47466            0
  4       64.00      64.00     61035   0.00e+00        27     0       0      479.0         47466            0
  5       64.00      64.00     61036   2.29e-04        55     0       0      476.0         97020            0
  6       64.00      64.00     61035   2.70e-05        58     0       0      477.0        101254            0
  7       64.00      64.00     61034   3.78e-10        58     0       0      479.0        101254            0
  8       64.00      64.00     61035   5.67e-10        58     0       0      478.0        101254            0
  9       64.00      64.00     61037   4.09e-05        63     0       0      477.0        108663            0
 10       64.00      64.00     61034   5.67e-10        63     0       0      479.0        108663            0
 11       64.00      64.00     61035   5.16e-05        69     0       0      477.0        118024            0
 12       64.00      64.00     61037   2.44e-05        72     0       0      477.0        121971            0
 13       64.00      64.00     61034   1.33e-05        74     0       0      477.0        123081            0
 14       64.00      64.00     61035   5.67e-10        74     0       0      478.0        123081            0
 15       64.00      64.00     61036   1.65e-05        76     0       0      477.0        124151            0
 16       64.00      64.00     61037   1.61e-05        78     0       0      478.0        125126            0
 17       64.00      64.00     61032   5.67e-10        78     0       0      478.0        125126            0
 18       64.00      64.00     61031   1.89e-10        78     0       0      478.0        125126            0
 19       64.00      64.00     61039   9.34e-04       106    88       0      476.0        172941            0
 20       64.00      64.00     61036   1.78e-05       109    88       0      477.0        174772            0
 21       64.00      64.00     61034   0.00e+00       109    88       0      478.0        174772            0
 22       64.00      64.00     61034   0.00e+00       109    88       0      479.0        174772            0
 23       64.00      64.00     61038   1.00e-04       120    88       0      475.0        186993            0
 24       64.00      64.00     61034   0.00e+00       120    88       0      479.0        186993            0
 25       64.00      64.00     61033   1.89e-10       120    88       0      478.0        186993            0
 26       64.00      64.00     61035   1.89e-10       120    88       0      478.0        186993            0
 27       64.00      64.00     61036   3.78e-10       120    88       0      479.0        186993            0
 28       64.00      64.00     61034   1.89e-10       120    88       0      478.0        186993            0
 29       64.00      64.00     61037   5.84e-07       121    88       0      477.0        187028            0
 30       64.00      64.00     61032   1.19e-05       123    88       0      478.0        187368            0
 31       64.00      64.00     61041   1.89e-10       123    88       0      478.0        187368            0
 32       64.00      64.00     61037   1.89e-10       123    88       0      478.0        187368            0
 33       64.00      64.00     61032   1.89e-10       123    88       0      479.0        187368            0
 34       64.00      64.00     61036   1.89e-10       123    88       0      478.0        187368            0
 35       64.00      64.00     61038   0.00e+00       123    88       0      478.0        187368            0
 36       64.00      64.00     61032   0.00e+00       123    88       0      479.0        187368            0
 37       64.00      64.00     61030   1.89e-10       123    88       0      478.0        187368            0
 38       64.00      64.00     61043   1.89e-10       123    88       0      478.0        187368            0
 39       64.00      64.00     61033   0.00e+00       123    88       0      479.0        187368            0
 40       64.00      64.00     61036   5.67e-10       123    88       0      478.0        187368            0
 41       64.00      64.00     61036   3.78e-10       123    88       0      478.0        187368            0
 42       64.00      64.00     61034   1.89e-10       123    88       0      479.0        187368            0
 43       64.00      64.00     61034   0.00e+00       123    88       0      478.0        187368            0
 44       64.00      64.00     61038   1.89e-10       123    88       0      478.0        187368            0
 45       64.00      64.00     61035   0.00e+00       123    88       0      479.0        187368            0
 46       64.00      64.00     61035   5.67e-10       123    88       0      478.0        187368            0
 47       64.00      64.00     61034   1.89e-10       123    88       0      478.0        187368            0
 48       64.00      64.00     61037   3.78e-10       123    88       0      479.0        187368            0
 49       64.00      64.00     61035   1.89e-10       123    88       0      478.0        187368            0
 50       64.00      64.00     61035   3.78e-10       123    88       0      478.0        187368            0
 51       64.00      64.00     61032   4.06e-04       123   138       0      479.0        187368            0
 52       64.00      64.00     61037   5.67e-10       123   138       0      478.0        187368            0
 53       64.00      64.00     61035   3.78e-10       123   138       0      478.0        187368            0
 54       64.00      64.00     61035   1.75e-05       126   138       0      478.0        188866            0
 55       64.00      64.00     61035   1.18e-04       141   138       0      476.0        212900            0
 56       64.00      64.00     61025   7.37e-05       149   138       0      477.0        228433            0
 57       64.00      64.00     61042   2.87e-05       152   138       0      478.0        231887            0
 58       64.00      64.00     61038   6.40e-06       153   138       0      477.0        232608            0
 59       64.00      64.00     61036   1.89e-10       153   138       0      478.0        232608            0
saved 120 video frames (1280x720 yuv420p) to build/rx_720p.yuv
total: TX 480.00 GB, RX 480.00 GB, 0 RX gaps, 0 TX stalls (frame not ready), 5 TX skips; 3659764 frames checked, 12713603 bit errors / 317199065408 (BER 4.01e-05), 159 bad headers, 141 sequence errors, 138 late, 0 missing, 0 relocks, 0 shifts, 28653 video frames (28563 byte-exact); FPGA: TX underflow 243739, RX overflow 0
